                  MASTERMIND
--------------------------------------------------
|                                        |0,0,0,0|
|                                        |0,0,0,0|
|                                        |0,0,0,0|
|                                        |0,0,0,0|
|                                        |0,0,0,0|
|                                        |0,0,0,0|
|                                        |0,0,0,0|
|                                        |0,0,0,0|
|                                        |0,0,0,0|
|                                        |0,0,0,0|
|                                        |0,0,0,0|
|                                        |0,0,0,0|
|                                        |0,0,0,0|
|                                        |0,0,0,0|
|                                        |0,0,0,0|
|                                        |0,0,0,0|
|                                        |0,0,0,0|
|                                        |0,0,0,0|
|                                        |0,0,0,0|
|                                        |0,0,0,0|
|                                        |0,0,0,0|
|                                        |0,0,0,0|
--------------------------------------------------
|INPUT HERE                                      |
--------------------------------------------------